#     BLOCK:   ACTUAL_KE:    KE_AVE:      ERROR:
           1     1.20004     1.20004           0
           2     1.20299     1.20152  0.00104234
           3     1.20558     1.20287  0.00130642
           4     1.19666     1.20132  0.00166462
           5     1.20784     1.20262  0.00177102
           6     1.20641     1.20325  0.00158418
           7     1.19918     1.20267  0.00146075
           8     1.20671     1.20318  0.00136242
           9     1.20162       1.203  0.00122202
          10      1.2031     1.20301  0.00109986
          11     1.20324     1.20303  0.00100007
          12     1.20604     1.20328 0.000947482
          13     1.20566     1.20347 0.000892054
          14     1.20465     1.20355 0.000832345
          15     1.20608     1.20372 0.000793759
          16     1.19894     1.20342  0.00079844
          17      1.1947     1.20291 0.000901454
          18     1.21054     1.20333 0.000945772
          19     1.19834     1.20307 0.000931736
          20     1.20841     1.20334 0.000922647
          21     1.20465      1.2034 0.000880824
          22     1.19939     1.20322 0.000859455
          23     1.20274      1.2032 0.000822337
          24     1.20703     1.20336 0.000803454
          25     1.20675     1.20349 0.000782706
          26     1.20269     1.20346 0.000753215
          27     1.19786     1.20325 0.000753306
          28      1.2085     1.20344  0.00074939
          29     1.20475     1.20349 0.000724899
          30     1.19459     1.20319 0.000758902
          31      1.2048     1.20324 0.000736197
          32      1.2068     1.20335 0.000721549
          33     1.20011     1.20325 0.000706333
          34     1.20014     1.20316 0.000691491
          35     1.20329     1.20317 0.000671744
          36     1.20262     1.20315 0.000653256
          37      1.1999     1.20306 0.000641493
          38     1.19717     1.20291 0.000643076
          39     1.20409     1.20294 0.000627295
          40     1.20118     1.20289 0.000613143
          41     1.20793     1.20302 0.000610375
          42     1.20579     1.20308 0.000599411
          43     1.20003     1.20301 0.000589673
          44     1.19967     1.20294 0.000581155
          45     1.20629     1.20301 0.000572989
          46     1.19994     1.20294 0.000564403
          47     1.20322     1.20295 0.000552424
          48     1.20499     1.20299 0.000542542
          49     1.20611     1.20306 0.000535192
          50     1.20602     1.20312 0.000527753
          51     1.20549     1.20316 0.000519458
          52     1.20204     1.20314 0.000509917
          53     1.20651      1.2032 0.000504234
          54     1.19513     1.20305 0.000516583
          55     1.20657     1.20312 0.000511129
          56     1.19989     1.20306 0.000505242
          57     1.20175     1.20304 0.000496901
          58     1.21196     1.20319   0.0005116
          59      1.2004     1.20314 0.000505115
          60     1.19901     1.20308 0.000501366
          61     1.20406     1.20309 0.000493409
          62     1.20943     1.20319 0.000495916
          63     1.19603     1.20308 0.000500922
          64     1.20113     1.20305 0.000494021
          65     1.20026     1.20301 0.000488281
          66     1.19981     1.20296 0.000483286
          67     1.20061     1.20292 0.000477337
          68     1.20119      1.2029 0.000470995
          69     1.20107     1.20287 0.000464914
          70     1.20411     1.20289 0.000458607
          71     1.20683     1.20294 0.000455494
          72     1.20217     1.20293 0.000449294
          73     1.19665     1.20285  0.00045132
          74     1.20289     1.20285 0.000445221
          75     1.20528     1.20288 0.000440464
          76     1.19507     1.20278 0.000446495
          77     1.20581     1.20282 0.000442425
          78     1.20005     1.20278 0.000438177
          79     1.20375     1.20279 0.000432803
          80      1.2014     1.20278 0.000427745
          81     1.20558     1.20281 0.000423866
          82     1.20311     1.20281 0.000418712
          83      1.2041     1.20283 0.000413955
          84     1.20004      1.2028  0.00041036
          85     1.20036     1.20277 0.000406534
          86     1.20616     1.20281 0.000403714
          87     1.19325      1.2027 0.000413763
          88     1.20095     1.20268 0.000409536
          89     1.20438      1.2027 0.000405383
          90     1.20516     1.20272 0.000401799
          91     1.20329     1.20273 0.000397431
          92     1.20998     1.20281 0.000400841
          93     1.19844     1.20276  0.00039927
          94     1.20178     1.20275 0.000395158
          95     1.20309     1.20276 0.000391015
          96     1.19847     1.20271 0.000389479
          97     1.19905     1.20267 0.000387285
          98     1.19763     1.20262 0.000386735
          99     1.19972     1.20259 0.000383939
         100     1.20756     1.20264 0.000383301
         101     1.19709     1.20259 0.000383434
         102      1.2009     1.20257 0.000380031
         103     1.20532      1.2026 0.000377277
         104     1.20318      1.2026 0.000373692
         105     1.19859     1.20256 0.000372084
         106     1.20216     1.20256 0.000368593
         107     1.19789     1.20252 0.000367723
         108     1.20893     1.20258 0.000369075
         109     1.19769     1.20253 0.000368396
         110     1.20148     1.20252 0.000365171
         111      1.2095     1.20258 0.000367252
         112     1.19592     1.20253 0.000368757
         113     1.20784     1.20257 0.000368487
         114     1.20548      1.2026 0.000366137
         115     1.20835     1.20265 0.000366349
         116     1.20402     1.20266 0.000363383
         117      1.2062     1.20269 0.000361533
         118      1.1977     1.20265 0.000360933
         119     1.20208     1.20264 0.000357932
         120     1.20293     1.20265 0.000354957
         121     1.20258     1.20264 0.000352024
         122     1.20145     1.20263 0.000349276
         123     1.20541     1.20266 0.000347163
         124     1.20167     1.20265 0.000344455
         125     1.19931     1.20262 0.000342732
         126     1.19695     1.20258  0.00034296
         127     1.20909     1.20263 0.000344072
         128     1.19962     1.20261 0.000342184
         129     1.20386     1.20262 0.000339669
         130     1.20784     1.20266 0.000339422
         131     1.19836     1.20262 0.000338411
         132     1.19647     1.20258 0.000339041
         133     1.20526      1.2026 0.000337091
         134     1.20018     1.20258 0.000335059
         135     1.20328     1.20258 0.000332617
         136     1.19939     1.20256 0.000330997
         137     1.20772      1.2026 0.000330719
         138     1.20296      1.2026 0.000328333
         139     1.20191      1.2026 0.000326009
         140      1.2037      1.2026 0.000323775
         141     1.20359     1.20261 0.000321555
         142     1.20328     1.20261 0.000319325
         143     1.20172     1.20261 0.000317153
         144     1.19609     1.20256 0.000318169
         145     1.20948     1.20261 0.000319535
         146     1.19834     1.20258 0.000318682
         147     1.21063     1.20264 0.000321179
         148     1.19547     1.20259 0.000322637
         149     1.19994     1.20257 0.000320961
         150     1.20241     1.20257 0.000318823
         151     1.20008     1.20255 0.000317139
         152     1.20017     1.20254 0.000315439
         153     1.20629     1.20256 0.000314331
         154     1.20671     1.20259 0.000313443
         155     1.20732     1.20262 0.000312904
         156     1.19333     1.20256 0.000316507
         157     1.20845      1.2026 0.000316708
         158      1.1989     1.20257 0.000315569
         159     1.20388     1.20258 0.000313691
         160     1.20068     1.20257 0.000311955
         161     1.20143     1.20256 0.000310098
         162     1.19862     1.20254 0.000309135
         163     1.19896     1.20252 0.000308019
         164      1.2041     1.20253 0.000306292
         165     1.20419     1.20254 0.000304601
         166     1.20345     1.20254 0.000302816
         167     1.20399     1.20255 0.000301127
         168     1.19651     1.20251 0.000301473
         169     1.20455     1.20253 0.000299929
         170     1.20101     1.20252 0.000298298
         171     1.19912      1.2025 0.000297214
         172     1.20469     1.20251  0.00029576
         173         1.2      1.2025 0.000294406
         174     1.20246      1.2025 0.000292714
         175     1.20658     1.20252 0.000291969
         176     1.19885      1.2025 0.000291054
         177     1.19958     1.20248 0.000289878
         178     1.20089     1.20247 0.000288387
         179     1.21001     1.20252 0.000289833
         180     1.19184     1.20246 0.000294223
         181     1.20202     1.20245 0.000292607
         182     1.19521     1.20241 0.000293697
         183     1.19926      1.2024 0.000292596
         184      1.2037      1.2024 0.000291091
         185     1.19801     1.20238 0.000290485
         186     1.19936     1.20236 0.000289377
         187     1.20553     1.20238 0.000288324
         188     1.20766     1.20241 0.000288156
         189     1.19758     1.20238 0.000287762
         190     1.20441     1.20239 0.000286446
         191     1.19939     1.20238 0.000285376
         192     1.20581      1.2024 0.000284449
         193     1.20483     1.20241 0.000283255
         194     1.20068      1.2024 0.000281936
         195     1.20427     1.20241 0.000280652
         196     1.19759     1.20238 0.000280297
         197     1.20482      1.2024 0.000279147
         198     1.20308      1.2024 0.000277759
         199     1.20078     1.20239 0.000276482
         200     1.20437      1.2024 0.000275276
         201     1.20775     1.20243 0.000275192
         202     1.20111     1.20242 0.000273906
         203     1.20142     1.20242 0.000272602
         204     1.21113     1.20246 0.000274589
         205     1.19517     1.20242 0.000275544
         206      1.2027     1.20243  0.00027421
         207     1.20084     1.20242 0.000272993
         208      1.1951     1.20238  0.00027394
         209     1.21147     1.20243 0.000276061
         210     1.20115     1.20242 0.000274814
         211       1.205     1.20243 0.000273783
         212     1.20077     1.20242 0.000272604
         213     1.20168     1.20242 0.000271346
         214     1.20165     1.20242 0.000270102
         215     1.20293     1.20242 0.000268856
         216     1.20448     1.20243  0.00026778
         217     1.20194     1.20243 0.000266556
         218     1.21134     1.20247  0.00026845
         219     1.19931     1.20245 0.000267612
         220     1.19524     1.20242 0.000268398
         221     1.20449     1.20243 0.000267348
         222     1.20353     1.20244 0.000266189
         223     1.20337     1.20244 0.000265029
         224     1.20014     1.20243 0.000264044
         225     1.21117     1.20247 0.000265715
         226     1.19626     1.20244 0.000265954
         227     1.20284     1.20244 0.000264789
         228     1.20391     1.20245 0.000263705
         229     1.20258     1.20245 0.000262554
         230     1.19658     1.20242  0.00026265
         231     1.20801     1.20245 0.000262623
         232     1.20093     1.20244 0.000261572
         233     1.20648     1.20246 0.000261022
         234     1.21305      1.2025 0.000263798
         235     1.19656     1.20248 0.000263885
         236     1.19854     1.20246 0.000263294
         237     1.19788     1.20244 0.000262892
         238      1.2005     1.20243 0.000261914
         239     1.20627     1.20245 0.000261309
         240     1.20335     1.20245 0.000260248
         241     1.19003      1.2024 0.000264222
         242     1.20411     1.20241 0.000263224
         243      1.2043     1.20242 0.000262256
         244     1.21078     1.20245 0.000263409
         245     1.20214     1.20245 0.000262337
         246     1.20901     1.20248 0.000262623
         247      1.2018     1.20247 0.000261574
         248     1.20297     1.20248 0.000260527
         249     1.20429     1.20248 0.000259582
         250     1.20107     1.20248 0.000258605
