#     BLOCK:   ACTUAL_P:     P_AVE:       ERROR:
           1     1.86529     1.86529           0
           2     2.30949     2.08739    0.157048
           3     2.80497     2.32658    0.221592
           4     3.21377     2.54838       0.254
           5     3.67159     2.77302    0.285764
           6     3.83248      2.9496    0.287561
           7     4.03097     3.10408    0.284971
           8     4.06456     3.22414    0.273473
           9     4.11596     3.32323    0.260422
          10     4.41454     3.43236    0.256227
          11      4.5128     3.53058    0.251055
          12     4.51675     3.61276    0.243213
          13     4.60096     3.68878    0.236085
          14     4.65696     3.75794    0.229126
          15     4.84363     3.83032    0.224993
          16     4.87491      3.8956      0.2202
          17      5.6371     3.99804    0.229844
          18     5.80343     4.09834    0.237955
          19     5.71585     4.18347    0.240177
          20     5.90543     4.26957    0.243111
          21     5.95128     4.34965    0.244368
          22     6.22461     4.43488    0.247676
          23     6.13522     4.50881    0.247695
          24     6.12634      4.5762    0.246374
          25     6.08287     4.63647    0.243778
          26     5.75319     4.67942    0.238156
          27     5.66495     4.71592    0.232116
          28     5.59011     4.74714    0.225916
          29     5.77009     4.78242    0.220862
          30     6.05273     4.82476    0.217521
          31      6.4343     4.87668    0.216612
          32      6.3676     4.92327    0.214796
          33     6.42634     4.96882    0.213061
          34     6.58445     5.01634    0.212027
          35      6.5847     5.06115    0.210651
          36     6.45591     5.09989    0.208332
          37     6.62546     5.14112    0.206742
          38     6.68104     5.18165    0.205234
          39     6.87628      5.2251     0.20452
          40     6.90424     5.26708    0.203669
          41     6.88486     5.30654    0.202488
          42     7.04728     5.34798    0.201864
          43     7.22192     5.39156    0.201819
          44     7.36316     5.43637    0.202145
          45     7.13354     5.47409    0.201141
          46     7.44917     5.51702    0.201299
          47     7.65835     5.56258    0.202106
          48     7.33676     5.59955    0.201247
          49     7.35437     5.63536    0.200301
          50     7.50985     5.67285    0.199772
          51     7.62161     5.71106    0.199476
          52      7.7199     5.74969    0.199346
          53     8.15214     5.79502    0.200672
          54     8.15536     5.83873     0.20166
          55     8.56748     5.88834    0.204005
          56     8.12698     5.92832    0.204242
          57     8.21812     5.96849    0.204571
          58     8.03859     6.00418    0.204134
          59      8.0172      6.0383    0.203505
          60     7.78238     6.06737    0.202179
          61     7.41119      6.0894    0.200061
          62      7.5756     6.11337    0.198265
          63     7.56286     6.13638    0.196448
          64     7.74305     6.16148    0.194976
          65     7.56604     6.18309     0.19317
          66     7.31821     6.20029    0.191008
          67     6.97934     6.21192     0.18851
          68     6.96453     6.22299    0.186063
          69     6.90965     6.23294    0.183632
          70     6.65682     6.23899    0.181109
          71     6.21815      6.2387    0.178558
          72     6.20968      6.2383    0.176079
          73     6.31005     6.23928    0.173669
          74     6.28038     6.23983    0.171323
          75     6.33156     6.24106    0.169043
          76     6.15729     6.23995    0.166823
          77     6.28549     6.24055    0.164657
          78     6.24579     6.24061    0.162546
          79     6.19002     6.23997     0.16049
          80     6.34542     6.24129    0.158489
          81      6.4528      6.2439    0.156554
          82     6.63803     6.24871    0.154719
          83     6.99123     6.25765    0.153113
          84     6.94364     6.26582    0.151508
          85      6.9287     6.27362    0.149926
          86     6.73245     6.27896    0.148278
          87     6.58329     6.28245    0.146614
          88     6.74343     6.28769    0.145042
          89     6.84128     6.29391    0.143546
          90     6.93742     6.30106    0.142129
          91     7.00023     6.30875    0.140774
          92     6.73463     6.31337     0.13932
          93     6.52464     6.31565    0.137841
          94     6.65824     6.31929    0.136422
          95     6.85397     6.32492    0.135102
          96     7.04733     6.33244    0.133905
          97     7.28666     6.34228    0.132885
          98     6.96255     6.34861     0.13168
          99     6.82679     6.35344    0.130438
         100     7.00881     6.35999    0.129298
         101     6.96717     6.36601    0.128158
         102     6.71335     6.36941    0.126947
         103     6.72705     6.37288    0.125761
         104      6.7016     6.37604    0.124592
         105     6.98792     6.38187    0.123542
         106     7.05932     6.38826    0.122541
         107     7.06697     6.39461     0.12156
         108     7.06561     6.40082    0.120593
         109     7.31769     6.40923     0.11978
         110     7.44414     6.41864     0.11906
         111      7.4843     6.42824    0.118374
         112     7.50274     6.43783    0.117705
         113     7.66849     6.44872    0.117166
         114     7.90506      6.4615    0.116833
         115     7.96921     6.47461     0.11655
         116     7.51232     6.48355    0.115888
         117     7.68685     6.49384    0.115353
         118     7.83876     6.50524    0.114937
         119     7.91638      6.5171    0.114581
         120     7.76129     6.52746    0.114095
         121     7.59408     6.53628    0.113492
         122      7.4997     6.54418    0.112836
         123     7.81594     6.55452    0.112391
         124     7.98612     6.56606    0.112076
         125      8.0022     6.57755    0.111767
         126     8.17559     6.59023    0.111597
         127      8.4482     6.60486    0.111673
         128     8.21227     6.61742    0.111505
         129     7.91704     6.62749    0.111095
         130     8.34804     6.64073    0.111026
         131     8.27132     6.65318    0.110874
         132     7.92231     6.66279     0.11045
         133     7.84193     6.67166    0.109974
         134     7.99854     6.68156    0.109599
         135     7.85189     6.69023    0.109129
         136     7.85036     6.69876     0.10866
         137     7.82597     6.70699    0.108178
         138     7.92476     6.71581    0.107753
         139     7.86678     6.72409    0.107295
         140      7.5967     6.73032     0.10671
         141     7.67826     6.73705    0.106165
         142     7.58841     6.74304    0.105586
         143     7.29056     6.74687    0.104917
         144     7.09234     6.74927    0.104216
         145     7.07288      6.7515    0.103521
         146     7.08141     6.75376    0.102837
         147     7.41433     6.75826    0.102235
         148     7.47645     6.76311     0.10166
         149     7.50493     6.76809    0.101099
         150     7.58968     6.77356    0.100574
         151     7.54112     6.77865    0.100036
         152     7.51868     6.78352   0.0994962
         153     7.21636     6.78634   0.0988861
         154     6.94735     6.78739   0.0982495
         155     7.24983     6.79037   0.0976609
         156     7.51645     6.79503   0.0971457
         157      7.0231     6.79648   0.0965378
         158      7.0395     6.79802   0.0959391
         159     7.06465      6.7997   0.0953503
         160      7.3817     6.80333   0.0948238
         161     7.55792     6.80802   0.0943505
         162     7.27853     6.81092   0.0938128
         163       7.174     6.81315   0.0932637
         164     7.18317     6.81541   0.0927223
         165      7.2373     6.81797   0.0921956
         166     7.34917     6.82117   0.0916957
         167      7.2093     6.82349   0.0911761
         168     7.19885     6.82572   0.0906608
         169     7.34709     6.82881   0.0901768
         170     7.52049     6.83288   0.0897381
         171     7.42363     6.83633   0.0892798
         172     7.50475     6.84022   0.0888452
         173     7.33788     6.84309   0.0883782
         174     7.41212     6.84637   0.0879308
         175     7.58994     6.85061   0.0875309
         176     7.23792     6.85281   0.0870613
         177     7.26713     6.85516   0.0866009
         178     7.47814     6.85866    0.086185
         179     7.22991     6.86073   0.0857285
         180     7.30083     6.86317   0.0852871
         181     7.15705      6.8648   0.0848313
         182     6.94788     6.86525   0.0843665
         183     6.79044     6.86485   0.0839064
         184     6.97412     6.86544   0.0834525
         185       7.018     6.86626   0.0830055
         186     6.83578      6.8661   0.0825594
         187     6.62849     6.86483   0.0821277
         188     6.62778     6.86357   0.0817005
         189     6.81587     6.86332   0.0812686
         190     6.93252     6.86368   0.0808417
         191     6.96434     6.86421   0.0804202
         192      7.1474     6.86568   0.0800148
         193     7.25342     6.86769   0.0796255
         194     7.15092     6.86915   0.0792284
         195     7.12134     6.87044   0.0788327
         196     7.20267     6.87214   0.0784487
         197     6.97615     6.87267   0.0780523
         198      6.9834     6.87323   0.0776601
         199     7.20397     6.87489   0.0772876
         200     7.13487     6.87619   0.0769121
         201     6.98181     6.87671   0.0765312
         202     7.06348     6.87764   0.0761579
         203     7.40048     6.88021   0.0758263
         204     7.35483     6.88254   0.0754903
         205      7.5471     6.88578   0.0751916
         206     7.85312     6.89048   0.0749731
         207     8.44399     6.89798   0.0749856
         208     7.98058     6.90319   0.0748055
         209     8.06422     6.90874   0.0746536
         210     7.94125     6.91366   0.0744598
         211     7.81524     6.91793   0.0742294
         212     7.66098     6.92144    0.073962
         213     7.86112     6.92585   0.0737462
         214     8.16571     6.93164   0.0736288
         215      8.4062      6.9385   0.0736051
         216     8.04877     6.94364   0.0734436
         217     8.30056      6.9499   0.0733709
         218     7.93769     6.95443   0.0731741
         219     7.71895     6.95792   0.0729232
         220     7.83888     6.96192   0.0727016
         221     7.71373     6.96532   0.0724521
         222     7.72441     6.96874   0.0722064
         223     7.47117       6.971   0.0719178
         224     7.41151     6.97296   0.0716236
         225     7.52398     6.97541   0.0713471
         226     7.83949     6.97923   0.0711338
         227     7.96463     6.98358   0.0709528
         228     7.78476     6.98709   0.0707285
         229     7.89859     6.99107   0.0705316
         230     7.65629     6.99396   0.0702842
         231     7.81827     6.99753   0.0700705
         232     7.65116     7.00035   0.0698251
         233     7.74087     7.00353   0.0695977
         234     8.05365     7.00801   0.0694448
         235     8.01836     7.01231   0.0692822
         236     7.88227       7.016   0.0690866
         237     7.96858     7.02002    0.068912
         238     7.74818     7.02308   0.0686903
         239     7.42531     7.02476   0.0684235
         240     7.17622     7.02539   0.0681413
         241      7.2581     7.02636   0.0678654
         242     7.62132     7.02882   0.0676295
         243     7.70982     7.03162   0.0674092
         244     7.64305     7.03412   0.0671795
         245     7.74437     7.03702   0.0669678
         246     7.45635     7.03873   0.0667173
         247     7.58223     7.04093   0.0664835
         248     7.81194     7.04404    0.066288
         249      7.8929     7.04745   0.0661094
         250     7.70483     7.05008   0.0658973
