97.35	
100.13	
94.65	
93.98	
92.87	
112.39	
105.42	
92.81	
98.85	
105.03	
95.96	
103.8	
99.1	
112.19	
84.01	
68.89	
119.09	
99.8	
96.03	
96.42	
91.49	
99.43	
94.96	
107.02	
111.08	
86.47	
101.23	
111.71	
104.92	
93.55	
115.11	
99.79	
82.3	
116.53	
98.08	
99.14	
100.99	
94.89	
93.57	
98.06	
110.88	
125.9	
80.62	
130.68	
102.98	
109.69	
112.54	
90.66	
82.64	
100.36	
97.05	
103.73	
76.96	
90.89	
96.96	
100.56	
102.71	
114.19	
86.08	
94.94	
103.98	
98.38	
97.38	
76.34	
89.06	
109.35	
84.97	
115.26	
111.02	
111.95	
113.92	
101.27	
82.44	
93.57	
90.12	
94.27	
107.69	
94.02	
93.56	
107.83	
93.35	
122.5	
79	
112.89	
95.01	
83.82	
98.81	
112.8	
111.29	
81.87	
101.33	
119.16	
113.13	
84.01	
88.04	
109.41	
105.05	
117.82	
108.65	
81.95	
