CUMULATIVE AVERAGE STATISTICAL UNCERTAINTY 

0.506394             0 

0.505419             0.000975434 

0.506531             0.000881349 

0.50366             0.00173402 

0.502191             0.00137563 

0.500854             0.00116897 

0.503536             0.00141842 

0.504052             0.00115389 

0.503583             0.000966244 

0.501214             0.00113472 

0.499985             0.00104845 

0.50016             0.000914071 

0.500513             0.000811461 

0.500319             0.000723793 

0.500069             0.000652745 

0.502089             0.000787509 

0.501955             0.00071703 

0.50203             0.000656087 

0.50241             0.000609719 

0.502239             0.000564354 

0.502193             0.000523316 

0.502628             0.000496103 

0.501909             0.000487877 

0.501397             0.000469133 

0.501469             0.000440747 

0.500565             0.00045263 

0.500407             0.000428208 

0.500215             0.000406589 

0.500182             0.000385299 

0.500143             0.000365833 

0.499822             0.000352805 

0.499685             0.000336944 

0.499734             0.000321549 

0.499716             0.000307201 

0.500207             0.000305662 

0.500321             0.000293419 

0.500405             0.000281734 

0.500574             0.000271911 

0.500453             0.000262082 

0.500522             0.000252392 

0.500891             0.000249985 

0.501175             0.000245018 

0.501354             0.000237987 

0.501247             0.000230368 

0.501008             0.000225513 

0.501151             0.00021913 

0.501207             0.000212232 

0.501334             0.000206375 

0.501198             0.000200961 

0.501583             0.000202494 

0.501586             0.00019649 

0.501462             0.000191558 

0.501321             0.00018712 

0.501434             0.000182543 

0.501337             0.000178014 

0.501292             0.000173317 

0.501591             0.000173407 

0.501867             0.000172785 

0.501889             0.000168386 

0.501892             0.000164147 

0.502039             0.000161207 

0.50228             0.000160289 

0.502342             0.000156646 

0.502278             0.000153165 

0.502368             0.000150026 

0.502462             0.000147062 

0.502576             0.000144433 

0.502263             0.000146317 

0.502119             0.000144176 

0.502078             0.000141157 

0.502065             0.000138165 

0.501637             0.000144501 

0.501591             0.000141617 

0.501591             0.00013873 

0.501622             0.000135989 

0.501501             0.000134019 

0.501553             0.000131528 

0.501685             0.000129859 

0.501712             0.000127418 

0.501896             0.000126709 

0.501825             0.000124602 

0.50158             0.000125292 

0.501557             0.000123042 

0.501375             0.000122482 

0.501241             0.000121191 

0.501197             0.000119165 

0.501336             0.000118062 

0.501387             0.000116168 

0.501342             0.000114303 

0.501367             0.000112419 

0.501434             0.000110784 

0.501335             0.000109456 

0.501397             0.000107872 

0.501369             0.000106182 

0.501288             0.000104829 

0.501285             0.000103184 

0.501435             0.000102727 

0.501277             0.000102406 

0.50149             0.000103116 

0.501438             0.000101698 

