0.820427	
0.81523	
0.816639	
0.818169	
0.813081	
0.804612	
0.809753	
0.801374	
0.799812	
0.801374	
0.803057	
0.794733	
0.800062	
0.798373	
0.793032	
0.791454	
0.79	
0.791454	
0.796806	
0.798373	
0.796806	
0.798373	
0.803803	
0.802247	
0.803803	
0.812034	
0.810494	
0.805109	
0.810494	
0.805109	
0.813449	
0.812034	
0.81074	
0.816088	
0.821523	
0.813265	
0.814555	
0.815966	
0.810494	
0.805109	
0.80666	
0.805109	
0.80666	
0.805109	
0.796806	
0.791454	
0.793032	
0.787782	
0.779423	
0.787782	
0.793032	
0.801374	
0.809753	
0.814985	
0.820305	
0.825712	
0.820305	
0.825712	
0.824197	
0.829699	
0.835284	
0.833906	
0.825772	
0.827164	
0.819085	
0.813388	
0.814923	
0.813388	
0.821523	
0.820122	
0.818841	
0.81768	
0.818841	
0.81768	
0.812096	
0.813265	
0.814555	
0.8228	
0.817374	
0.8228	
0.814555	
0.820122	
0.814555	
0.820122	
0.811973	
0.820122	
0.811973	
0.813388	
0.805295	
0.811049	
0.812588	
0.806846	
0.805295	
0.803866	
0.805295	
0.811049	
0.812588	
0.818413	
0.824318	
0.830301	
