0 412.047 466.675 	
1 395.883 440.325 	
2 380.614 416.146 	
3 368.115 399.239 	
4 361.804 388.419 	
5 359.571 380.692 	
6 345.284 372.429 	
7 339.898 362.022 	
8 334.774 351.548 	
9 320.338 343.2 	
10 317.597 335.034 	
11 310.382 326.696 	
12 305.426 320.096 	
13 303.431 314.493 	
14 300.807 310.241 	
15 297.997 306.596 	
16 290.385 304.574 	
17 284.793 300.776 	
18 257.504 296.285 	
19 257.504 290.312 	
20 254.681 282.913 	
21 251.166 272.893 	
22 247.981 260.227 	
23 245.997 253.386 	
24 236.545 249.745 	
25 231.77 246.345 	
26 229.317 241.001 	
27 224 235.516 	
28 217.213 231.25 	
29 212.734 225.284 	
30 209.235 219.209 	
31 206.807 213.675 	
32 203.253 210.356 	
33 200.792 207.274 	
34 197.946 204.51 	
35 195.606 201.087 	
36 193.268 198.339 	
37 191.424 196.022 	
38 189.711 193.617 	
39 188.858 192.243 	
40 185.814 190.972 	
41 185.609 189.807 	
42 176.827 187.916 	
43 175.154 185.63 	
44 174.465 181.457 	
45 172.938 177.71 	
46 170.727 175.637 	
47 169.77 173.377 	
48 167.702 171.784 	
49 165.24 170.018 	
50 161.23 168.055 	
51 158.454 165.458 	
52 156.271 162.512 	
53 154.482 159.492 	
54 152.786 157.314 	
55 151.29 155.186 	
56 151.141 153.401 	
57 146.71 152.015 	
58 145.214 150.67 	
59 143.723 148.351 	
60 137.224 145.833 	
61 137.224 144.245 	
62 136.839 143.863 	
63 135.173 143.296 	
64 135.051 139.804 	
65 132.038 136.983 	
66 131.123 135.321 	
67 131.123 133.454 	
68 129.221 132.201 	
69 128.425 131.187 	
70 127.883 129.942 	
71 126.152 128.891 	
72 125.684 128.192 	
73 124.588 127.287 	
74 123.715 126.445 	
75 123.437 125.195 	
76 122.578 124.313 	
77 122.266 123.719 	
78 118.227 123.397 	
79 117.591 123.237 	
80 117.308 122.649 	
81 116.53 120.731 	
82 115.766 118.327 	
83 115.359 116.963 	
84 114.463 116.166 	
85 113.588 115.605 	
86 113.409 115.22 	
87 113.213 114.393 	
88 112.194 113.699 	
89 110.313 113.122 	
90 109.564 112.164 	
91 107.854 110.851 	
92 106.825 109.55 	
93 106.45 108.301 	
94 105.432 107.289 	
95 105.237 106.727 	
96 105.186 106.718 	
97 104.424 106.634 	
98 104.07 106.089 	
99 103.64 106.864 	
100 102.024 107.004 	
101 102.024 105.676 	
102 100.484 103.233 	
103 100.266 102.266 	
104 99.7953 101.515 	
105 99.5667 100.684 	
106 99.5667 100.178 	
107 98.7991 99.7433 	
108 98.7108 99.4632 	
109 98.7108 99.1172 	
110 97.6185 98.8267 	
111 97.5893 98.5545 	
112 97.2447 98.0852 	
113 96.6369 97.6794 	
114 91.754 97.4924 	
115 91.3968 97.6052 	
116 91.3788 97.1978 	
117 89.9397 95.1103 	
118 89.5824 91.9248 	
119 89.3828 90.4598 	
120 88.728 89.6432 	
121 86.9627 89.2977 	
122 86.9627 89.0511 	
123 86.9627 89.3268 	
124 86.4058 90.11 	
125 86.4058 88.3639 	
126 86.1947 87.0576 	
127 86.1947 86.9243 	
128 86.1947 87.9493 	
129 86.1947 88.8086 	
130 85.546 88.0836 	
131 84.9391 86.3519 	
132 83.5444 85.767 	
133 83.4525 85.1998 	
134 82.8957 84.3999 	
135 82.8957 83.654 	
136 82.8957 83.077 	
137 82.8957 82.9072 	
138 82.5713 82.8949 	
139 82.5713 82.8553 	
140 82.2855 82.7181 	
141 82.0612 82.5241 	
142 82.0107 82.333 	
143 81.9091 82.1424 	
144 79.3536 82.1243 	
145 79.3536 82.9308 	
146 79.3536 84.1597 	
147 78.7028 84.108 	
148 78.7028 82.3451 	
149 78.7028 80.1435 	
150 78.2159 78.9864 	
151 77.5651 78.6822 	
152 77.5651 78.3036 	
153 77.5651 77.8119 	
154 77.245 77.5688 	
155 77.0089 77.5281 	
156 77.0089 77.3274 	
157 76.7248 77.1078 	
158 75.5752 76.9644 	
159 74.7349 76.6128 	
160 74.6323 75.8841 	
161 74.6323 75.1802 	
162 74.6323 74.7172 	
163 74.6323 74.6358 	
164 74.5001 74.6321 	
165 73.9645 74.6104 	
166 73.8619 74.4577 	
167 73.5857 74.1462 	
168 72.7238 73.8521 	
169 72.6774 73.576 	
170 72.6774 73.1087 	
171 72.6774 72.7871 	
172 72.6774 72.6856 	
173 72.6774 72.6774 	
174 72.6774 72.6774 	
175 72.6774 72.6774 	
176 72.6774 72.6774 	
177 71.6075 72.6757 	
178 71.6075 72.6471 	
179 71.6075 73.2945 	
180 71.5502 74.8042 	
181 71.5502 74.5985 	
182 71.5502 72.5887 	
183 71.417 71.6343 	
184 71.417 72.1307 	
185 71.417 73.1362 	
186 71.417 74.0252 	
187 71.417 74.1503 	
188 71.417 72.493 	
189 71.417 71.5549 	
190 71.417 71.417 	
191 71.417 71.417 	
192 70.3302 71.4151 	
193 70.3302 71.3987 	
194 70.3302 72.352 	
195 70.3302 74.5903 	
196 70.3302 74.4754 	
197 70.3302 72.9339 	
198 70.3302 71.1993 	
199 70.3302 70.3302 	
200 70.3302 70.3302 	
201 70.186 70.3299 	
202 70.186 70.3112 	
203 70.186 70.2468 	
204 70.186 70.2283 	
205 70.186 71.1248 	
206 70.186 72.3099 	
207 70.186 72.3431 	
208 70.186 71.063 	
209 70.186 70.2279 	
210 69.1577 70.1843 	
211 69.1577 70.2417 	
212 69.1577 71.007 	
213 69.1577 72.5984 	
214 69.1577 72.2241 	
215 69.0253 70.4761 	
216 69.0253 69.1672 	
217 68.797 69.0907 	
218 68.797 69.01 	
219 68.797 68.8903 	
220 68.797 68.8016 	
221 68.797 68.797 	
222 68.7467 68.7969 	
223 68.6026 68.7902 	
224 68.6026 68.7544 	
225 68.6026 68.665 	
226 68.6026 68.6133 	
227 68.6026 68.6026 	
228 68.6026 68.6026 	
229 68.6026 68.6026 	
230 68.6026 68.6026 	
231 68.4538 68.6023 	
232 68.4538 68.583 	
233 68.4538 68.521 	
234 68.0995 68.4735 	
235 68.0723 68.4191 	
236 67.9553 68.2525 	
237 67.9553 68.0758 	
238 67.9553 67.9943 	
239 67.9553 67.9553 	
240 67.9553 67.9553 	
241 67.9553 67.9553 	
242 67.9553 67.9553 	
243 67.9553 67.9553 	
244 67.9553 67.9553 	
245 67.9553 67.9553 	
246 67.827 67.9551 	
247 67.8009 67.9415 	
248 67.8009 67.8761 	
249 67.8009 67.8183 	
250 67.8009 67.8043 	
251 67.8009 67.8009 	
252 67.8009 67.8009 	
253 67.8009 67.8009 	
254 67.8009 67.8009 	
255 67.8009 67.8009 	
256 67.8009 67.8009 	
257 67.8009 67.8009 	
258 67.8009 67.8009 	
259 67.8009 67.8009 	
260 67.8009 67.8009 	
261 67.8009 67.8009 	
262 67.8009 67.8009 	
263 67.8009 67.8009 	
264 67.8009 67.8009 	
265 67.8009 67.8009 	
266 67.8009 67.8009 	
267 67.8009 67.8009 	
268 67.8009 67.8009 	
269 67.8009 67.8009 	
270 67.8009 67.8009 	
271 67.8009 67.8009 	
272 67.8009 67.8009 	
273 67.8009 67.8009 	
274 67.8009 67.8009 	
275 67.8009 67.8009 	
276 67.8009 67.8009 	
277 67.8009 67.8009 	
278 67.8009 67.8009 	
279 67.8009 67.8009 	
280 67.8009 67.8009 	
281 67.8009 67.8009 	
282 67.8009 67.8009 	
283 67.8009 67.8009 	
284 67.8009 67.8009 	
285 67.8009 67.8009 	
286 67.8009 67.8009 	
287 67.8009 67.8009 	
288 67.8009 67.8009 	
289 67.8009 67.8009 	
290 67.8009 67.8009 	
291 67.8009 67.8009 	
292 67.8009 67.8009 	
293 67.8009 67.8009 	
294 67.8009 67.8009 	
295 67.8009 67.8009 	
296 67.8009 67.8009 	
297 67.8009 67.8009 	
298 67.8009 67.8009 	
299 67.8009 67.8009 	
300 67.8009 67.8009 	
301 67.8009 67.8009 	
302 67.8009 67.8009 	
303 67.8009 67.8009 	
304 67.8009 67.8009 	
305 67.8009 67.8009 	
306 67.8009 67.8009 	
307 67.8009 67.8009 	
308 67.8009 67.8009 	
309 67.8009 67.8009 	
310 67.8009 67.8009 	
311 67.8009 67.8009 	
312 67.8009 67.8009 	
313 67.8009 67.8009 	
314 67.8009 67.8009 	
315 67.8009 67.8009 	
316 67.8009 67.8009 	
317 67.8009 67.8009 	
318 67.8009 67.8009 	
319 67.8009 67.8009 	
320 67.8009 67.8009 	
321 67.8009 67.8009 	
322 67.8009 67.8009 	
323 67.8009 67.8009 	
324 67.8009 67.8009 	
325 67.8009 67.8009 	
326 67.8009 67.8009 	
327 67.8009 67.8009 	
328 67.8009 67.8009 	
329 67.8009 67.8009 	
330 67.8009 67.8009 	
331 67.8009 67.8009 	
332 67.8009 67.8009 	
333 67.8009 67.8009 	
334 67.8009 67.8009 	
335 67.8009 67.8009 	
336 67.8009 67.8009 	
337 67.8009 67.8009 	
338 67.8009 67.8009 	
339 67.8009 67.8009 	
340 67.8009 67.8009 	
341 67.8009 67.8009 	
342 67.8009 67.8009 	
343 67.8009 67.8009 	
344 67.8009 67.8009 	
345 67.8009 67.8009 	
346 67.8009 67.8009 	
347 67.8009 67.8009 	
348 67.8009 67.8009 	
349 67.8009 67.8009 	
350 67.8009 67.8009 	
351 67.8009 67.8009 	
352 67.8009 67.8009 	
353 67.8009 67.8009 	
354 67.8009 67.8009 	
355 67.8009 67.8009 	
356 67.8009 67.8009 	
357 67.8009 67.8009 	
358 67.8009 67.8009 	
359 67.8009 67.8009 	
360 67.8009 67.8009 	
361 67.8009 67.8009 	
362 67.8009 67.8009 	
363 67.8009 67.8009 	
364 67.8009 67.8009 	
365 67.8009 67.8009 	
366 67.8009 67.8009 	
367 67.8009 67.8009 	
368 67.8009 67.8009 	
369 67.8009 67.8009 	
370 67.8009 67.8009 	
371 67.8009 67.8009 	
372 67.8009 67.8009 	
373 67.8009 67.8009 	
374 67.8009 67.8009 	
375 67.8009 67.8009 	
376 67.8009 67.8009 	
377 67.8009 67.8009 	
378 67.8009 67.8009 	
379 67.8009 67.8009 	
380 67.8009 67.8009 	
381 67.8009 67.8009 	
382 67.8009 67.8009 	
383 67.8009 67.8009 	
384 67.8009 67.8009 	
385 67.8009 67.8009 	
386 67.8009 67.8009 	
387 67.8009 67.8009 	
388 67.8009 67.8009 	
389 67.8009 67.8009 	
390 67.8009 67.8009 	
391 67.8009 67.8009 	
392 67.8009 67.8009 	
393 67.7956 67.8009 	
394 67.7956 67.8001 	
395 67.7956 67.7975 	
396 67.7956 67.7956 	
397 67.7956 67.7956 	
398 67.7956 67.7956 	
399 67.7956 67.7956 	
400 67.7956 67.7956 	
401 67.7956 67.7956 	
402 67.7956 67.7956 	
403 67.7956 67.7956 	
404 67.7956 67.7956 	
405 67.7956 67.7956 	
406 67.7956 67.7956 	
407 67.7956 67.7956 	
408 67.7956 67.7956 	
409 67.7956 67.7956 	
410 67.7956 67.7956 	
411 67.7956 67.7956 	
412 67.7956 67.7956 	
413 67.7956 67.7956 	
414 67.7956 67.7956 	
415 67.7956 67.7956 	
416 67.7956 67.7956 	
417 67.7956 67.7956 	
418 67.7956 67.7956 	
419 67.7956 67.7956 	
420 67.7956 67.7956 	
421 67.7956 67.7956 	
422 67.7956 67.7956 	
423 67.7956 67.7956 	
424 67.7956 67.7956 	
425 67.7956 67.7956 	
426 67.6058 67.7953 	
427 67.6058 67.7713 	
428 67.6058 67.6887 	
429 67.6058 67.614 	
430 67.6058 67.6058 	
431 67.6058 67.6058 	
432 67.6058 67.6058 	
433 67.6058 67.6058 	
434 67.6058 67.6058 	
435 67.6058 67.6058 	
436 67.6058 67.6058 	
437 67.6058 67.6058 	
438 67.6058 67.6058 	
439 67.6058 67.6058 	
440 67.6058 67.6058 	
441 67.6058 67.6058 	
442 67.6058 67.6058 	
443 67.6058 67.6058 	
444 67.6058 67.6058 	
445 67.6058 67.6058 	
446 67.6058 67.6058 	
447 67.6058 67.6058 	
448 67.6058 67.6058 	
449 67.6058 67.6058 	
450 67.6058 67.6058 	
451 67.6058 67.6058 	
452 67.6058 67.6058 	
453 67.6058 67.6058 	
454 67.6058 67.6058 	
455 67.6058 67.6058 	
456 67.6058 67.6058 	
457 67.6058 67.6058 	
458 67.6058 67.6058 	
459 67.6058 67.6058 	
460 67.6058 67.6058 	
461 67.6058 67.6058 	
462 67.6058 67.6058 	
463 67.6058 67.6058 	
464 67.6058 67.6058 	
465 67.6058 67.6058 	
466 67.6058 67.6058 	
467 67.6058 67.6058 	
468 67.6058 67.6058 	
469 67.6058 67.6058 	
470 67.6058 67.6058 	
471 67.6058 67.6058 	
472 67.6058 67.6058 	
473 67.6058 67.6058 	
474 67.6058 67.6058 	
475 67.6058 67.6058 	
476 67.6058 67.6058 	
477 67.6058 67.6058 	
478 67.6058 67.6058 	
479 67.6058 67.6058 	
480 67.6058 67.6058 	
481 67.6058 67.6058 	
482 67.6058 67.6058 	
483 67.6058 67.6058 	
484 67.6058 67.6058 	
485 67.6058 67.6058 	
486 67.6058 67.6058 	
487 67.6058 67.6058 	
488 67.6058 67.6058 	
489 67.6058 67.6058 	
490 67.6058 67.6058 	
491 67.6058 67.6058 	
492 67.6058 67.6058 	
493 67.6058 67.6058 	
494 67.6058 67.6058 	
495 67.6058 67.6058 	
496 67.6058 67.6058 	
497 67.6058 67.6058 	
498 67.6058 67.6058 	
499 67.6058 67.6058 	
500 67.6058 67.6058 	
501 67.6058 67.6058 	
502 67.6058 67.6058 	
503 67.6058 67.6058 	
504 67.6058 67.6058 	
505 67.6058 67.6058 	
506 67.6058 67.6058 	
507 67.6058 67.6058 	
508 67.6058 67.6058 	
509 67.6058 67.6058 	
510 67.6058 67.6058 	
511 67.6058 67.6058 	
512 67.6058 67.6058 	
513 67.6058 67.6058 	
514 67.6058 67.6058 	
515 67.6058 67.6058 	
516 67.6058 67.6058 	
517 67.6058 67.6058 	
518 67.6058 67.6058 	
519 67.6058 67.6058 	
520 67.6058 67.6058 	
521 67.6058 67.6058 	
522 67.6058 67.6058 	
523 67.6058 67.6058 	
524 67.6058 67.6058 	
525 67.6058 67.6058 	
526 67.6058 67.6058 	
527 67.6058 67.6058 	
528 67.6058 67.6058 	
529 67.6058 67.6058 	
530 67.6058 67.6058 	
531 67.6058 67.6058 	
532 67.6058 67.6058 	
533 67.6058 67.6058 	
534 67.6058 67.6058 	
535 67.6058 67.6058 	
536 67.6058 67.6058 	
537 67.6058 67.6058 	
538 67.6058 67.6058 	
539 67.6058 67.6058 	
540 67.6058 67.6058 	
541 67.6058 67.6058 	
542 67.6058 67.6058 	
543 67.6058 67.6058 	
544 67.6058 67.6058 	
545 67.6058 67.6058 	
546 67.6058 67.6058 	
547 67.6058 67.6058 	
548 67.6058 67.6058 	
549 67.6058 67.6058 	
550 67.6058 67.6058 	
551 67.6058 67.6058 	
552 67.6058 67.6058 	
553 67.6058 67.6058 	
554 67.6058 67.6058 	
555 67.6058 67.6058 	
556 67.6058 67.6058 	
557 67.6058 67.6058 	
558 67.6058 67.6058 	
559 67.6058 67.6058 	
560 67.6058 67.6058 	
561 67.6058 67.6058 	
562 67.6058 67.6058 	
563 67.6058 67.6058 	
564 67.6058 67.6058 	
565 67.6058 67.6058 	
566 67.6058 67.6058 	
567 67.6058 67.6058 	
568 67.6058 67.6058 	
569 67.6058 67.6058 	
570 67.6058 67.6058 	
571 67.6058 67.6058 	
572 67.6058 67.6058 	
573 67.6058 67.6058 	
574 67.6058 67.6058 	
575 67.6058 67.6058 	
576 67.6058 67.6058 	
577 67.6058 67.6058 	
578 67.6058 67.6058 	
579 67.6058 67.6058 	
580 67.6058 67.6058 	
581 67.6058 67.6058 	
582 67.6058 67.6058 	
583 67.6058 67.6058 	
584 67.6058 67.6058 	
585 67.6058 67.6058 	
586 67.6058 67.6058 	
587 67.6058 67.6058 	
588 67.6058 67.6058 	
589 67.6058 67.6058 	
590 67.6058 67.6058 	
591 67.6058 67.6058 	
592 67.6058 67.6058 	
593 67.6058 67.6058 	
594 67.6058 67.6058 	
595 67.6058 67.6058 	
596 67.6058 67.6058 	
597 67.6058 67.6058 	
598 67.6058 67.6058 	
599 67.6058 67.6058 	
600 67.6058 67.6058 	
601 67.6058 67.6058 	
602 67.6058 67.6058 	
603 67.6058 67.6058 	
604 67.6058 67.6058 	
605 67.6058 67.6058 	
606 67.6058 67.6058 	
607 67.6058 67.6058 	
608 67.6058 67.6058 	
609 67.6058 67.6058 	
610 67.6058 67.6058 	
611 67.6058 67.6058 	
612 67.6058 67.6058 	
613 67.6058 67.6058 	
614 67.6058 67.6058 	
615 67.6058 67.6058 	
616 67.6058 67.6058 	
617 67.6058 67.6058 	
618 67.6058 67.6058 	
619 67.6058 67.6058 	
620 67.6058 67.6058 	
621 67.6058 67.6058 	
622 67.6058 67.6058 	
623 67.6058 67.6058 	
624 67.6058 67.6058 	
625 67.6058 67.6058 	
626 67.6058 67.6058 	
627 67.6058 67.6058 	
628 67.6058 67.6058 	
629 67.6058 67.6058 	
630 67.6058 67.6058 	
631 67.6058 67.6058 	
632 67.6058 67.6058 	
633 67.6058 67.6058 	
634 67.6058 67.6058 	
635 67.6058 67.6058 	
636 67.6058 67.6058 	
637 67.6058 67.6058 	
638 67.6058 67.6058 	
639 67.6058 67.6058 	
640 67.6058 67.6058 	
641 67.6058 67.6058 	
642 67.6058 67.6058 	
643 67.6058 67.6058 	
644 67.6058 67.6058 	
645 67.6058 67.6058 	
646 67.6058 67.6058 	
647 67.6058 67.6058 	
648 67.6058 67.6058 	
649 67.6058 67.6058 	
650 67.6058 67.6058 	
651 67.6058 67.6058 	
652 67.6058 67.6058 	
653 67.6058 67.6058 	
654 67.6058 67.6058 	
655 67.6058 67.6058 	
656 67.6058 67.6058 	
657 67.6058 67.6058 	
658 67.6058 67.6058 	
659 67.6058 67.6058 	
660 67.6058 67.6058 	
661 67.6058 67.6058 	
662 67.6058 67.6058 	
663 67.6058 67.6058 	
664 67.6058 67.6058 	
665 67.6058 67.6058 	
666 67.6058 67.6058 	
667 67.6058 67.6058 	
668 67.6058 67.6058 	
669 67.6058 67.6058 	
670 67.6058 67.6058 	
671 67.6058 67.6058 	
672 67.6058 67.6058 	
673 67.6058 67.6058 	
674 67.6058 67.6058 	
675 67.6058 67.6058 	
676 67.6058 67.6058 	
677 67.6058 67.6058 	
678 67.6058 67.6058 	
679 67.6058 67.6058 	
680 67.6058 67.6058 	
681 67.6058 67.6058 	
682 67.6058 67.6058 	
683 67.6058 67.6058 	
684 67.6058 67.6058 	
685 67.6058 67.6058 	
686 67.6058 67.6058 	
687 67.6058 67.6058 	
688 67.6058 67.6058 	
689 67.6058 67.6058 	
690 67.6058 67.6058 	
691 67.6058 67.6058 	
692 67.6058 67.6058 	
693 67.6058 67.6058 	
694 67.6058 67.6058 	
695 67.6058 67.6058 	
696 67.6058 67.6058 	
697 67.6058 67.6058 	
698 67.6058 67.6058 	
699 67.6058 67.6058 	
700 67.6058 67.6058 	
701 67.6058 67.6058 	
702 67.6058 67.6058 	
703 67.6058 67.6058 	
704 67.6058 67.6058 	
705 67.6058 67.6058 	
706 67.6058 67.6058 	
707 67.6058 67.6058 	
708 67.6058 67.6058 	
709 67.6058 67.6058 	
710 67.6058 67.6058 	
711 67.6058 67.6058 	
712 67.6058 67.6058 	
713 67.6058 67.6058 	
714 67.6058 67.6058 	
715 67.6058 67.6058 	
716 67.6058 67.6058 	
717 67.6058 67.6058 	
718 67.6058 67.6058 	
719 67.6058 67.6058 	
720 67.6058 67.6058 	
721 67.6058 67.6058 	
722 67.6058 67.6058 	
723 67.6058 67.6058 	
724 67.6058 67.6058 	
725 67.6058 67.6058 	
726 67.6058 67.6058 	
727 67.6058 67.6058 	
728 67.6058 67.6058 	
729 67.6058 67.6058 	
730 67.6058 67.6058 	
731 67.6058 67.6058 	
732 67.6058 67.6058 	
733 67.6058 67.6058 	
734 67.6058 67.6058 	
735 67.6058 67.6058 	
736 67.6058 67.6058 	
737 67.6058 67.6058 	
738 67.6058 67.6058 	
739 67.6058 67.6058 	
740 67.6058 67.6058 	
741 67.6058 67.6058 	
742 67.6058 67.6058 	
743 67.6058 67.6058 	
744 67.6058 67.6058 	
745 67.6058 67.6058 	
746 67.6058 67.6058 	
747 67.6058 67.6058 	
748 67.6058 67.6058 	
749 67.6058 67.6058 	
750 67.6058 67.6058 	
751 67.6058 67.6058 	
752 67.6058 67.6058 	
753 67.6058 67.6058 	
754 67.6058 67.6058 	
755 67.6058 67.6058 	
756 67.6058 67.6058 	
757 67.6058 67.6058 	
758 67.6058 67.6058 	
759 67.6058 67.6058 	
760 67.6058 67.6058 	
761 67.6058 67.6058 	
762 67.6058 67.6058 	
763 67.6058 67.6058 	
764 67.6058 67.6058 	
765 67.6058 67.6058 	
766 67.6058 67.6058 	
767 67.6058 67.6058 	
768 67.6058 67.6058 	
769 67.6058 67.6058 	
770 67.6058 67.6058 	
771 67.6058 67.6058 	
772 67.6058 67.6058 	
773 67.6058 67.6058 	
774 67.6058 67.6058 	
775 67.6058 67.6058 	
776 67.6058 67.6058 	
777 67.6058 67.6058 	
778 67.6058 67.6058 	
779 67.6058 67.6058 	
780 67.6058 67.6058 	
781 67.6058 67.6058 	
782 67.6058 67.6058 	
783 67.6058 67.6058 	
784 67.6058 67.6058 	
785 67.6058 67.6058 	
786 67.6058 67.6058 	
787 67.6058 67.6058 	
788 67.6058 67.6058 	
789 67.6058 67.6058 	
790 67.6058 67.6058 	
791 67.6058 67.6058 	
792 67.6058 67.6058 	
793 67.6058 67.6058 	
794 67.6058 67.6058 	
795 67.6058 67.6058 	
796 67.6058 67.6058 	
797 67.6058 67.6058 	
798 67.6058 67.6058 	
799 67.6058 67.6058 	
800 67.6058 67.6058 	
801 67.6058 67.6058 	
802 67.6058 67.6058 	
803 67.6058 67.6058 	
804 67.6058 67.6058 	
805 67.6058 67.6058 	
806 67.6058 67.6058 	
807 67.6058 67.6058 	
808 67.6058 67.6058 	
809 67.6058 67.6058 	
810 67.6058 67.6058 	
811 67.6058 67.6058 	
812 67.6058 67.6058 	
813 67.6058 67.6058 	
814 67.6058 67.6058 	
815 67.6058 67.6058 	
816 67.6058 67.6058 	
817 67.6058 67.6058 	
818 67.6058 67.6058 	
819 67.6058 67.6058 	
820 67.6058 67.6058 	
821 67.6058 67.6058 	
822 67.6058 67.6058 	
823 67.6058 67.6058 	
824 67.6058 67.6058 	
825 67.6058 67.6058 	
826 67.6058 67.6058 	
827 67.6058 67.6058 	
828 67.6058 67.6058 	
829 67.6058 67.6058 	
830 67.6058 67.6058 	
831 67.6058 67.6058 	
832 67.6058 67.6058 	
833 67.6058 67.6058 	
834 67.6058 67.6058 	
835 67.6058 67.6058 	
836 67.6058 67.6058 	
837 67.6058 67.6058 	
838 67.6058 67.6058 	
839 67.6058 67.6058 	
840 67.6058 67.6058 	
841 67.6058 67.6058 	
842 67.6058 67.6058 	
843 67.6058 67.6058 	
844 67.6058 67.6058 	
845 67.6058 67.6058 	
846 67.6058 67.6058 	
847 67.6058 67.6058 	
848 67.6058 67.6058 	
849 67.6058 67.6058 	
850 67.6058 67.6058 	
851 67.6058 67.6058 	
852 67.6058 67.6058 	
853 67.6058 67.6058 	
854 67.6058 67.6058 	
855 67.6058 67.6058 	
856 67.6058 67.6058 	
857 67.6058 67.6058 	
858 67.6058 67.6058 	
859 67.6058 67.6058 	
860 67.6058 67.6058 	
861 67.6058 67.6058 	
862 67.6058 67.6058 	
863 67.6058 67.6058 	
864 67.6058 67.6058 	
865 67.6058 67.6058 	
866 67.6058 67.6058 	
867 67.6058 67.6058 	
868 67.6058 67.6058 	
869 67.6058 67.6058 	
870 67.6058 67.6058 	
871 67.6058 67.6058 	
872 67.6058 67.6058 	
873 67.6058 67.6058 	
874 67.6058 67.6058 	
875 67.6058 67.6058 	
876 67.6058 67.6058 	
877 67.6058 67.6058 	
878 67.6058 67.6058 	
879 67.6058 67.6058 	
880 67.6058 67.6058 	
881 67.6058 67.6058 	
882 67.6058 67.6058 	
883 67.6058 67.6058 	
884 67.6058 67.6058 	
885 67.6058 67.6058 	
886 67.6058 67.6058 	
887 67.6058 67.6058 	
888 67.6058 67.6058 	
889 67.6058 67.6058 	
890 67.6058 67.6058 	
891 67.6058 67.6058 	
892 67.6058 67.6058 	
893 67.6058 67.6058 	
894 67.6058 67.6058 	
895 67.6058 67.6058 	
896 67.6058 67.6058 	
897 67.6058 67.6058 	
898 67.6058 67.6058 	
899 67.6058 67.6058 	
900 67.6058 67.6058 	
901 67.6058 67.6058 	
902 67.6058 67.6058 	
903 67.6058 67.6058 	
904 67.6058 67.6058 	
905 67.6058 67.6058 	
906 67.6058 67.6058 	
907 67.6058 67.6058 	
908 67.6058 67.6058 	
909 67.6058 67.6058 	
910 67.6058 67.6058 	
911 67.6058 67.6058 	
912 67.6058 67.6058 	
913 67.6058 67.6058 	
914 67.6058 67.6058 	
915 67.6058 67.6058 	
916 67.6058 67.6058 	
917 67.6058 67.6058 	
918 67.6058 67.6058 	
919 67.6058 67.6058 	
920 67.6058 67.6058 	
921 67.6058 67.6058 	
922 67.6058 67.6058 	
923 67.6058 67.6058 	
924 67.6058 67.6058 	
925 67.6058 67.6058 	
926 67.6058 67.6058 	
927 67.6058 67.6058 	
928 67.6058 67.6058 	
929 67.6058 67.6058 	
930 67.6058 67.6058 	
931 67.6058 67.6058 	
932 67.6058 67.6058 	
933 67.6058 67.6058 	
934 67.6058 67.6058 	
935 67.6058 67.6058 	
936 67.6058 67.6058 	
937 67.6058 67.6058 	
938 67.6058 67.6058 	
939 67.6058 67.6058 	
940 67.6058 67.6058 	
941 67.6058 67.6058 	
942 67.6058 67.6058 	
943 67.6058 67.6058 	
944 67.6058 67.6058 	
945 67.6058 67.6058 	
946 67.6058 67.6058 	
947 67.6058 67.6058 	
948 67.6058 67.6058 	
949 67.6058 67.6058 	
950 67.6058 67.6058 	
951 67.6058 67.6058 	
952 67.6058 67.6058 	
953 67.6058 67.6058 	
954 67.6058 67.6058 	
955 67.6058 67.6058 	
956 67.6058 67.6058 	
957 67.6058 67.6058 	
958 67.6058 67.6058 	
959 67.6058 67.6058 	
960 67.6058 67.6058 	
961 67.6058 67.6058 	
962 67.6058 67.6058 	
963 67.6058 67.6058 	
964 67.6058 67.6058 	
965 67.6058 67.6058 	
966 67.6058 67.6058 	
967 67.6058 67.6058 	
968 67.6058 67.6058 	
969 67.6058 67.6058 	
970 67.6058 67.6058 	
971 67.6058 67.6058 	
972 67.6058 67.6058 	
973 67.6058 67.6058 	
974 67.6058 67.6058 	
975 67.6058 67.6058 	
976 67.6058 67.6058 	
977 67.6058 67.6058 	
978 67.6058 67.6058 	
979 67.6058 67.6058 	
980 67.6058 67.6058 	
981 67.6058 67.6058 	
982 67.6058 67.6058 	
983 67.6058 67.6058 	
984 67.6058 67.6058 	
985 67.6058 67.6058 	
986 67.6058 67.6058 	
987 67.6058 67.6058 	
988 67.6058 67.6058 	
989 67.6058 67.6058 	
990 67.6058 67.6058 	
991 67.6058 67.6058 	
992 67.6058 67.6058 	
993 67.6058 67.6058 	
994 67.6058 67.6058 	
995 67.6058 67.6058 	
996 67.6058 67.6058 	
997 67.6058 67.6058 	
998 67.6058 67.6058 	
999 67.6058 67.6058 	
