#     BLOCK:   ACTUAL_P:     P_AVE:       ERROR:
           1   0.0490401   0.0490401           0
           2   0.0488936   0.0489669  5.1788e-05
           3   0.0492771   0.0490703 9.12186e-05
           4   0.0490034   0.0490536 6.99293e-05
           5   0.0489169   0.0490262 6.10508e-05
           6   0.0488073   0.0489897 6.08094e-05
           7   0.0493475   0.0490408 7.03947e-05
           8   0.0488046   0.0490113 6.75037e-05
           9   0.0493226   0.0490459 6.82937e-05
          10   0.0489631   0.0490376 6.19639e-05
          11   0.0489721   0.0490317 5.66165e-05
          12   0.0488579   0.0490172 5.37191e-05
          13   0.0490974   0.0490234 4.99402e-05
          14   0.0492592   0.0490402 4.91319e-05
          15   0.0490778   0.0490427 4.59203e-05
          16   0.0493379   0.0490612 4.66088e-05
          17   0.0490211   0.0490588 4.39266e-05
          18   0.0489275   0.0490515 4.20873e-05
          19    0.048731   0.0490346 4.31211e-05
          20   0.0490718   0.0490365  4.1005e-05
          21   0.0489054   0.0490303 3.95248e-05
          22   0.0491008   0.0490335  3.7858e-05
          23   0.0492176   0.0490415 3.70492e-05
          24   0.0490038   0.0490399 3.55388e-05
          25   0.0490896   0.0490419 3.41728e-05
          26   0.0490644   0.0490428 3.28694e-05
          27   0.0489768   0.0490403 3.17428e-05
          28   0.0489499   0.0490371  3.0773e-05
          29   0.0493362   0.0490474 3.13933e-05
          30   0.0496099   0.0490661 3.55067e-05
          31    0.049012   0.0490644 3.44042e-05
          32   0.0487862   0.0490557 3.44097e-05
          33   0.0489826   0.0490535 3.34382e-05
          34   0.0493135   0.0490611 3.33178e-05
          35   0.0488492   0.0490551 3.29117e-05
          36   0.0491965    0.049059 3.22311e-05
          37   0.0491132   0.0490605 3.13933e-05
          38    0.049197   0.0490641  3.0772e-05
          39   0.0487151   0.0490551 3.12572e-05
          40   0.0492705   0.0490605 3.09359e-05
          41    0.048941   0.0490576 3.03184e-05
          42   0.0488853   0.0490535 2.98728e-05
          43    0.048931   0.0490506 2.93136e-05
          44   0.0489269   0.0490478  2.8782e-05
          45   0.0491501   0.0490501  2.8232e-05
          46   0.0489739   0.0490484 2.76667e-05
          47   0.0491202     0.04905 2.71201e-05
          48   0.0489927   0.0490488 2.65813e-05
          49   0.0490814   0.0490494 2.60472e-05
          50   0.0489987   0.0490484 2.55461e-05
          51    0.048743   0.0490424 2.57375e-05
          52   0.0489641   0.0490409 2.52866e-05
          53   0.0491208   0.0490424 2.48544e-05
          54   0.0494343   0.0490497 2.54317e-05
          55   0.0490902   0.0490504   2.498e-05
          56   0.0493065    0.049055  2.4949e-05
          57   0.0486472   0.0490479 2.55167e-05
          58   0.0488165   0.0490439 2.53866e-05
          59   0.0491061   0.0490449 2.49782e-05
          60   0.0490167   0.0490444 2.45663e-05
          61   0.0492078   0.0490471 2.43092e-05
          62   0.0487488   0.0490423 2.43885e-05
          63   0.0489618    0.049041 2.40349e-05
          64   0.0491753   0.0490431 2.37507e-05
          65   0.0491907   0.0490454 2.34935e-05
          66   0.0487642   0.0490411 2.35207e-05
          67   0.0487084   0.0490362 2.36882e-05
          68   0.0488947   0.0490341 2.34311e-05
          69    0.049246   0.0490372 2.32919e-05
          70   0.0489679   0.0490362 2.29801e-05
          71   0.0490571   0.0490365 2.26584e-05
          72   0.0491035   0.0490374 2.23628e-05
          73   0.0488866   0.0490353 2.21516e-05
          74   0.0486821   0.0490306 2.23608e-05
          75   0.0490015   0.0490302  2.2066e-05
          76   0.0491514   0.0490318 2.18332e-05
          77   0.0488818   0.0490298 2.16364e-05
          78   0.0489225   0.0490285 2.14028e-05
          79   0.0489223   0.0490271  2.1174e-05
          80   0.0490812   0.0490278 2.09201e-05
          81   0.0492369   0.0490304 2.08206e-05
          82   0.0488436   0.0490281 2.06909e-05
          83   0.0487482   0.0490247 2.07145e-05
          84   0.0492253   0.0490271 2.06051e-05
          85   0.0487999   0.0490244 2.05353e-05
          86    0.048908   0.0490231 2.03411e-05
          87   0.0490348   0.0490232 2.01078e-05
          88   0.0491422   0.0490246 1.99247e-05
          89   0.0489146   0.0490233 1.97391e-05
          90    0.049216   0.0490255 1.96355e-05
          91     0.04872   0.0490221 1.97045e-05
          92    0.048754   0.0490192 1.97046e-05
          93   0.0491071   0.0490201 1.95154e-05
          94   0.0490666   0.0490206 1.93141e-05
          95   0.0493987   0.0490246 1.95164e-05
          96   0.0491594    0.049026 1.93635e-05
          97   0.0491018   0.0490268 1.91796e-05
          98   0.0490536   0.0490271 1.89859e-05
          99   0.0490383   0.0490272 1.87944e-05
         100   0.0489325   0.0490262 1.86303e-05
         101   0.0488684   0.0490247 1.85113e-05
         102   0.0491504   0.0490259 1.83708e-05
         103   0.0490169   0.0490258 1.81927e-05
         104   0.0490039   0.0490256  1.8019e-05
         105   0.0489555   0.0490249 1.78597e-05
         106   0.0486476   0.0490214 1.80426e-05
         107   0.0489358   0.0490206 1.78917e-05
         108   0.0486471   0.0490171 1.80571e-05
         109   0.0488818   0.0490159 1.79341e-05
         110   0.0489575   0.0490154 1.77789e-05
         111   0.0487954   0.0490134 1.77288e-05
         112   0.0489159   0.0490125 1.75918e-05
         113   0.0494073    0.049016 1.77798e-05
         114   0.0490947   0.0490167 1.76372e-05
         115   0.0489329    0.049016 1.74989e-05
         116   0.0490876   0.0490166 1.73589e-05
         117   0.0493291   0.0490192 1.74148e-05
         118   0.0491717   0.0490205 1.73151e-05
         119   0.0491233   0.0490214 1.71911e-05
         120    0.048718   0.0490189 1.72328e-05
         121   0.0491383   0.0490199 1.71186e-05
         122   0.0488312   0.0490183  1.7048e-05
         123   0.0491987   0.0490198 1.69723e-05
         124   0.0494403   0.0490232 1.71709e-05
         125   0.0490141   0.0490231 1.70337e-05
         126   0.0490385   0.0490232 1.68989e-05
         127   0.0490553   0.0490235 1.67677e-05
         128   0.0487393   0.0490213 1.67831e-05
         129   0.0486582   0.0490184 1.68873e-05
         130   0.0491372   0.0490194 1.67821e-05
         131   0.0491246   0.0490202 1.66732e-05
         132   0.0491393   0.0490211 1.65713e-05
         133   0.0489332   0.0490204 1.64599e-05
         134   0.0489849   0.0490201 1.63392e-05
         135   0.0488265   0.0490187  1.6281e-05
         136   0.0488445   0.0490174 1.62116e-05
         137   0.0492043   0.0490188 1.61505e-05
         138   0.0489821   0.0490185 1.60357e-05
         139   0.0489787   0.0490182 1.59229e-05
         140   0.0494384   0.0490212 1.60895e-05
         141     0.04858   0.0490181 1.62768e-05
         142   0.0490698   0.0490185 1.61662e-05
         143   0.0487665   0.0490167 1.61489e-05
         144   0.0484845    0.049013 1.64543e-05
         145   0.0488729    0.049012 1.63692e-05
         146    0.049062   0.0490124 1.62607e-05
         147   0.0489731   0.0490121 1.61522e-05
         148   0.0489969    0.049012 1.60434e-05
         149    0.049393   0.0490146 1.61382e-05
         150    0.048683   0.0490124 1.61813e-05
         151   0.0491588   0.0490133 1.61032e-05
         152   0.0490476   0.0490136 1.59988e-05
         153   0.0489662   0.0490132 1.58972e-05
         154   0.0487415   0.0490115 1.58917e-05
         155   0.0492487    0.049013 1.58627e-05
         156   0.0491049   0.0490136 1.57719e-05
         157   0.0492216   0.0490149  1.5727e-05
         158   0.0491583   0.0490158 1.56536e-05
         159   0.0488314   0.0490147 1.55981e-05
         160   0.0487247   0.0490129 1.56055e-05
         161   0.0490755   0.0490132 1.55134e-05
         162   0.0490823   0.0490137 1.54235e-05
         163   0.0493533   0.0490158  1.5469e-05
         164   0.0493372   0.0490177 1.54983e-05
         165   0.0492175   0.0490189 1.54517e-05
         166   0.0488758   0.0490181 1.53826e-05
         167   0.0491558   0.0490189 1.53126e-05
         168   0.0487334   0.0490172 1.53154e-05
         169   0.0490777   0.0490176  1.5229e-05
         170      0.0492   0.0490186 1.51771e-05
         171   0.0491915   0.0490196  1.5122e-05
         172   0.0493603   0.0490216 1.51633e-05
         173   0.0491058   0.0490221 1.50834e-05
         174    0.049044   0.0490222 1.49973e-05
         175   0.0489157   0.0490216 1.49239e-05
         176   0.0491741   0.0490225 1.48642e-05
         177   0.0490657   0.0490227 1.47823e-05
         178    0.049033   0.0490228 1.46993e-05
         179   0.0489791   0.0490225 1.46192e-05
         180   0.0489249    0.049022 1.45481e-05
         181   0.0488641   0.0490211 1.44938e-05
         182   0.0490474   0.0490213 1.44149e-05
         183   0.0490803   0.0490216 1.43397e-05
         184   0.0490011   0.0490215 1.42623e-05
         185   0.0488552   0.0490206 1.42135e-05
         186   0.0488199   0.0490195  1.4178e-05
         187   0.0486802   0.0490177 1.42177e-05
         188   0.0488522   0.0490168 1.41694e-05
         189   0.0491155   0.0490173  1.4104e-05
         190    0.049448   0.0490196 1.42107e-05
         191    0.049282    0.049021 1.42026e-05
         192   0.0490659   0.0490212 1.41305e-05
         193   0.0490237   0.0490212 1.40573e-05
         194   0.0488411   0.0490203 1.40155e-05
         195   0.0490813   0.0490206 1.39471e-05
         196   0.0489039     0.04902 1.38886e-05
         197   0.0490564   0.0490202 1.38194e-05
         198   0.0490055   0.0490201 1.37498e-05
         199   0.0490876   0.0490205 1.36849e-05
         200   0.0487779   0.0490192 1.36701e-05
