#     BLOCK:   ACTUAL_TE:    TE_AVE:      ERROR:
           1     1.76479     1.76479           0
           2     1.76477     1.76478 8.33123e-06
           3     1.76474     1.76477 1.17729e-05
           4     1.76472     1.76475 1.38548e-05
           5      1.7647     1.76474 1.48453e-05
           6     1.76469     1.76473 1.49999e-05
           7     1.76467     1.76472 1.55354e-05
           8     1.76465     1.76472 1.59994e-05
           9     1.76464     1.76471 1.62003e-05
          10     1.76462      1.7647 1.67984e-05
          11      1.7646     1.76469 1.73539e-05
          12     1.76456     1.76468 1.88881e-05
          13     1.76454     1.76467 2.01419e-05
          14     1.76451     1.76466 2.15244e-05
          15     1.76448     1.76465 2.30203e-05
          16     1.76446     1.76463 2.43269e-05
          17     1.76443     1.76462 2.56379e-05
          18     1.76443     1.76461 2.63854e-05
          19     1.76441      1.7646 2.70689e-05
          20     1.76438     1.76459 2.79264e-05
          21     1.76433     1.76458 2.91877e-05
          22     1.76431     1.76457 3.02559e-05
          23     1.76429     1.76455 3.12176e-05
          24     1.76429     1.76454 3.17876e-05
          25     1.76426     1.76453 3.24677e-05
          26     1.76422     1.76452 3.33052e-05
          27     1.76419     1.76451 3.42622e-05
          28     1.76417      1.7645 3.51322e-05
          29     1.76412     1.76448 3.62071e-05
          30     1.76408     1.76447 3.73973e-05
          31     1.76403     1.76445 3.87482e-05
          32     1.76401     1.76444 3.99908e-05
          33     1.76397     1.76443 4.12402e-05
          34     1.76393     1.76441 4.25157e-05
          35     1.76389      1.7644 4.38639e-05
          36     1.76382     1.76438 4.54683e-05
          37     1.76374     1.76436 4.74275e-05
          38     1.76368     1.76435 4.94674e-05
          39     1.76365     1.76433 5.13198e-05
          40     1.76363     1.76431 5.29528e-05
          41     1.76361     1.76429 5.43456e-05
          42     1.76358     1.76428 5.56432e-05
          43     1.76354     1.76426 5.69538e-05
          44     1.76354     1.76424 5.79714e-05
          45     1.76353     1.76423 5.88231e-05
          46     1.76351     1.76421 5.95963e-05
          47     1.76348      1.7642 6.03114e-05
          48     1.76349     1.76418 6.08167e-05
          49     1.76346     1.76417 6.13249e-05
          50     1.76345     1.76415  6.1741e-05
          51     1.76342     1.76414 6.21737e-05
          52     1.76341     1.76412 6.25318e-05
          53     1.76339     1.76411 6.28615e-05
          54     1.76336      1.7641 6.32148e-05
          55     1.76328     1.76408 6.37611e-05
          56     1.76326     1.76407 6.42808e-05
          57     1.76321     1.76405 6.48798e-05
          58     1.76321     1.76404 6.53585e-05
          59     1.76316     1.76402 6.59016e-05
          60     1.76315     1.76401 6.63765e-05
          61     1.76311     1.76399 6.69109e-05
          62     1.76309     1.76398 6.73957e-05
          63     1.76307     1.76396 6.78597e-05
          64     1.76303     1.76395 6.83503e-05
          65     1.76299     1.76393 6.88769e-05
          66       1.763     1.76392 6.92623e-05
          67     1.76301     1.76391 6.95436e-05
          68     1.76301     1.76389   6.975e-05
          69     1.76301     1.76388 6.99156e-05
          70     1.76297     1.76387 7.01099e-05
          71     1.76295     1.76385 7.02941e-05
          72     1.76293     1.76384 7.04892e-05
          73     1.76285     1.76383 7.08216e-05
          74     1.76282     1.76381 7.11674e-05
          75     1.76282      1.7638 7.14444e-05
          76     1.76278     1.76379  7.1761e-05
          77     1.76269     1.76377 7.22199e-05
          78     1.76268     1.76376   7.264e-05
          79      1.7627     1.76375  7.2946e-05
          80     1.76268     1.76373 7.32399e-05
          81      1.7627     1.76372 7.34457e-05
          82     1.76265     1.76371 7.37015e-05
          83     1.76259     1.76369 7.40267e-05
          84     1.76254     1.76368 7.44096e-05
          85     1.76248     1.76367   7.486e-05
          86     1.76244     1.76365 7.53388e-05
          87     1.76241     1.76364 7.58212e-05
          88     1.76241     1.76362 7.62334e-05
          89     1.76235     1.76361 7.67149e-05
          90      1.7623     1.76359 7.72218e-05
          91     1.76233     1.76358 7.76148e-05
          92     1.76232     1.76357 7.79795e-05
          93     1.76233     1.76355 7.82655e-05
          94     1.76226     1.76354 7.86364e-05
          95     1.76221     1.76353 7.90376e-05
          96     1.76224     1.76351 7.93455e-05
          97     1.76219      1.7635 7.96968e-05
          98     1.76216     1.76349 8.00386e-05
          99     1.76217     1.76347  8.0332e-05
         100     1.76218     1.76346 8.05584e-05
         101      1.7621     1.76345 8.08703e-05
         102     1.76205     1.76343 8.12275e-05
         103     1.76201     1.76342 8.16019e-05
         104     1.76188      1.7634 8.21454e-05
         105     1.76186     1.76339 8.26654e-05
         106     1.76186     1.76337 8.31413e-05
         107     1.76182     1.76336 8.36191e-05
         108     1.76183     1.76335 8.40389e-05
         109     1.76179     1.76333 8.44739e-05
         110     1.76172     1.76332 8.49605e-05
         111      1.7617      1.7633  8.5438e-05
         112      1.7617     1.76329 8.58652e-05
         113     1.76162     1.76327 8.63654e-05
         114     1.76158     1.76326 8.68767e-05
         115     1.76152     1.76324 8.74294e-05
         116     1.76155     1.76323  8.7889e-05
         117     1.76148     1.76321 8.83973e-05
         118      1.7615      1.7632 8.88278e-05
         119     1.76139     1.76318 8.93764e-05
         120     1.76135     1.76317  8.9933e-05
         121     1.76136     1.76315 9.04278e-05
         122     1.76139     1.76314 9.08393e-05
         123     1.76141     1.76312 9.11773e-05
         124     1.76143     1.76311 9.14558e-05
         125     1.76147      1.7631 9.16631e-05
         126      1.7615     1.76309  9.1806e-05
         127     1.76154     1.76307 9.18888e-05
         128     1.76153     1.76306 9.19542e-05
         129     1.76146     1.76305 9.20718e-05
         130     1.76145     1.76304 9.21856e-05
         131     1.76142     1.76302 9.23064e-05
         132     1.76144     1.76301 9.23886e-05
         133     1.76142       1.763 9.24661e-05
         134      1.7614     1.76299 9.25396e-05
         135     1.76135     1.76298 9.26461e-05
         136     1.76132     1.76296 9.27597e-05
         137     1.76133     1.76295 9.28459e-05
         138     1.76124     1.76294  9.2998e-05
         139     1.76119     1.76293 9.31769e-05
         140     1.76114     1.76291 9.33841e-05
         141     1.76118      1.7629 9.35297e-05
         142     1.76114     1.76289 9.36861e-05
         143     1.76107     1.76288 9.38938e-05
         144     1.76104     1.76286 9.41014e-05
         145       1.761     1.76285 9.43252e-05
         146     1.76096     1.76284  9.4566e-05
         147     1.76099     1.76283 9.47593e-05
         148     1.76098     1.76281 9.49326e-05
         149     1.76104      1.7628 9.50408e-05
         150     1.76099     1.76279 9.51734e-05
         151     1.76088     1.76278  9.5377e-05
         152     1.76087     1.76276 9.55688e-05
         153     1.76077     1.76275 9.58295e-05
         154      1.7607     1.76274 9.61269e-05
         155      1.7607     1.76272 9.64034e-05
         156     1.76057     1.76271 9.67683e-05
         157     1.76051      1.7627 9.71611e-05
         158     1.76039     1.76268 9.76331e-05
         159     1.76039     1.76267  9.8074e-05
         160     1.76047     1.76265 9.84217e-05
         161     1.76042     1.76264 9.87815e-05
         162     1.76037     1.76263 9.91638e-05
         163     1.76033     1.76261 9.95489e-05
         164     1.76035      1.7626 9.98903e-05
         165     1.76029     1.76258  0.00010026
         166     1.76022     1.76257 0.000100666
         167     1.76016     1.76256 0.000101095
         168     1.76011     1.76254 0.000101533
         169        1.76     1.76253 0.000102038
         170      1.7599     1.76251 0.000102602
         171     1.75994      1.7625 0.000103099
         172     1.75991     1.76248  0.00010359
         173     1.75972     1.76246 0.000104214
         174      1.7597     1.76245 0.000104822
         175     1.75979     1.76243 0.000105321
         176     1.75983     1.76242  0.00010576
         177     1.75981      1.7624 0.000106185
         178     1.75973     1.76239 0.000106646
         179     1.75969     1.76237 0.000107108
         180     1.75983     1.76236 0.000107444
         181     1.75981     1.76235 0.000107771
         182      1.7597     1.76233 0.000108157
         183     1.75958     1.76232 0.000108605
         184     1.75948      1.7623 0.000109104
         185     1.75945     1.76229 0.000109597
         186     1.75934     1.76227 0.000110148
         187     1.75923     1.76225 0.000110755
         188      1.7592     1.76224 0.000111349
         189     1.75918     1.76222 0.000111927
         190      1.7591      1.7622 0.000112539
         191     1.75901     1.76219 0.000113184
         192     1.75889     1.76217 0.000113887
         193      1.7589     1.76215 0.000114551
         194      1.7589     1.76214 0.000115182
         195     1.75884     1.76212 0.000115825
         196     1.75884      1.7621 0.000116438
         197     1.75878     1.76209 0.000117059
         198     1.75881     1.76207 0.000117633
         199     1.75875     1.76205 0.000118222
         200     1.75868     1.76204 0.000118831
